1,804 2,297 pa
2,443 2,695 pe
3,048 3,257 pi
3,441 3,741 po
3,838 4,148 pu
4,708 5,061 ba
5,161 5,433 be
5,522 5,719 bi
5,819 6,042 bo
6,108 6,342 bu
7,033 7,516 za
7,530 8,016 ze
8,023 8,393 zi
8,409 8,660 zo
8,693 9,076 zu
9,602 10,092 va
10,162 10,583 ve
10,581 10,922 vi
11,180 11,539 vo
11,539 11,876 vu
12,394 12,915 ja
12,936 13,357 je
13,398 13,756 ji
13,752 14,101 jo
14,108 14,400 ju
15,112 15,570 da
15,637 15,998 de
16,026 16,346 di
16,607 16,956 do
17,009 17,316 du
17,967 18,387 ga
18,653 19,057 ge
19,127 19,397 gi
19,478 19,792 go
19,820 20,134 gu
21,103 21,598 fa
21,938 22,245 fe
22,442 22,654 fi
23,158 23,742 fo
23,816 24,228 fu
24,779 25,276 sa
26,206 26,602 se
27,022 27,385 si
27,427 27,792 so
27,829 28,231 su
28,606 29,222 xa
29,673 30,170 xe
30,201 30,645 xi
31,345 31,877 xo
31,905 32,346 xu
32,972 33,309 ta
33,893 34,239 te
34,437 34,727 ti
34,874 35,143 to
35,304 35,529 tu
36,220 36,575 ka
36,843 37,138 ke
37,350 37,594 ki
37,789 38,008 ko
38,087 38,349 ku
44100