0,042 0,251 pa
0,375 0,590 pe
0,730 0,973 pi
1,121 1,336 po
1,505 1,781 pu
2,058 2,317 ba
2,413 2,650 be
2,730 3,049 bi
3,268 3,555 bo
3,607 3,898 bu
4,953 5,471 za
5,543 5,976 ze
6,012 6,391 zi
6,409 6,732 zo
6,704 6,989 zu
7,505 7,854 va
7,976 8,323 ve
8,381 8,642 vi
8,752 8,999 vo
9,009 9,282 vu
9,884 10,345 za
10,381 10,797 ze
11,430 11,938 zi
11,948 12,458 zo
12,622 13,031 zu
13,567 13,890 da
13,972 14,231 de
14,291 14,544 di
14,578 14,829 do
14,865 15,158 du
15,737 16,323 ga
16,618 16,941 ge
17,078 17,415 gi
17,515 17,834 go
17,952 18,181 gu
18,584 18,895 fa
19,072 19,328 fe
19,509 19,695 fi
19,932 20,315 fo
20,337 20,614 fu
21,168 21,718 sa
21,798 22,143 se
22,189 22,534 si
22,566 22,925 so
22,937 23,286 su
24,085 24,632 xa
24,654 25,204 xe
25,222 25,746 xi
25,760 26,213 xo
26,410 26,923 xu
27,363 27,599 ta
27,750 27,930 te 
28,063 28,277 ti
28,400 28,570 to
28,735 29,006 tu
31,912 92,251 ga
32,277 32,578 ge
32,536 32,729 gi
32,739 32,945 go
32,974 33,202 gu
44100