2,000 2,252 pa
2,590 2,811 pe
2,959 3,345 pi
3,532 3,801 po
3,866 4,386 pu
5,185 5,514 ba
5,597 5,914 be
5,979 6,222 bi
6,261 6,491 bo
6,499 6,760 bu
7,076 7,354 za
7,389 7,627 ze
7,710 7,901 zi
7,940 8,170 zo
8,239 8,434 zu
8,703 9,098 va
9,076 9,350 ve
9,380 9,684 vi
9,671 9,905 vo
9,923 10,222 vu
11,003 11,545 ja
11,632 12,114 je
12,326 12,747 ji
13,168 13,615 jo
13,688 13,992 ju
17,858 18,305 da
18,322 18,708 de
18,695 19,008 di
19,034 19,264 do
19,285 19,559 du
22,327 22,617 ga
22,782 23,151 ge
23,437 23,741 gi
24,023 24,401 go
24,713 25,043 gu
28,514 28,761 fa
28,856 29,013 fe
29,069 29,186 fi
29,238 29,355 fo
29,486 29,620 fu
29,928 30,123 sa
30,123 30,347 se
30,358 30,564 si
30,616 30,744 so
30,837 31,071 su
33,076 33,293 xa
33,319 33,477 xe
33,490 33,707 xi
33,716 33,885 xo
33,972 34,121 xu
35,649 35,755 ta
35,803 35,892 te
35,957 36,054 ti
36,108 36,273 to
36,332 36,453 tu
36,525 36,688 ka
36,729 36,861 ke
36,939 36,061 ki
37,135 37,269 ko
37,414 37,549 ku
44100