4,579 4,819 ba
4,921 5,121 be
5,133 5,388 bi
5,428 5,580 bo
5,673 5,880 bu
6,200 6,694 za
6,705 7,134 ze
7,123 7,465 zi
7,450 7,746 zo
7,737 8,059 zu
8,591 9,020 va
9,044 9,353 ve
9,380 9,671 vi
9,669 9,967 vo
9,972 10,207 vu
11,132 11,708 ja
11,724 12,171 je
12,231 12,740 ji
12,856 13,365 jo
13,550 13,979 ju
14,780 15,322 da
15,404 15,831 de
15,976 16,281 di
16,483 16,805 do
16,930 17,330 du
18,060 18,622 ga
18,771 19,134 ge
19,285 19,754 gi
19,794 20,259 go
20,297 20,528 gu
21,242 21,616 fa
22,247 22,556 fe
22,814 23,092 fi
23,332 23,642 fo
23,833 24,091 fu
24,767 25,269 sa
25,305 25,785 se
25,821 26,317 si
26,530 26,957 so
27,013 27,429 su
27,913 28,461 xa
28,567 29,065 xe
29,208 29,635 xi
29,802 30,273 xo
30,426 30,889 xu
31,770 32,123 ta
32,310 32,612 te
32,859 33,155 ti
33,369 33,651 to
33,853 34,096 tu
34,823 35,179 ka
35,688 35,688 ke
35,848 36,135 ki
36,302 36,609 ko
36,827 37,051 ku
44100