1,865 1,991 pa
2,038 2,197 pe
2,250 2,349 pi
2,429 2,555 po
2,643 2,945 pu
3,244 3,470 ba
3,493 4,669 be
3,687 3,886 bi
3,883 4,036 bo
4,086 4,417 bu
4,611 4,878 za
4,892 5,118 ze
5,103 5,317 zi
5,315 5,540 zo
5,552 5,837 zu
6,235 6,467 va
6,485 6,658 ve
6,681 6,825 vi
6,848 7,042 vo
7,048 7,341 vu
7,831 8,110 ja
8,118 8,365 je
8,338 8,529 ji
8,520 8,767 jo
8,740 9,054 ju
9,667 9,990 da
10,025 10,324 de
10,345 10,699 di
10,705 10,952 do
10,960 11,386 du
12,081 12,577 ga
12,679 13,113 ge
13,236 13,659 gi
13,700 14,028 go
14,049 14,401 gu
14,729 14,902 fa
14,905 15,096 fe
15,105 15,266 fi
15,272 15,471 fo
15,477 15,847 fu
16,366 16,554 sa
16,548 16,747 se
16,765 16,956 si
16,953 17,167 so
17,178 17,524 su
17,944 18,167 xa
18,173 18,299 xe
18,322 18,542 xi
20,044 20,364 xo
20,355 20,730 xu
21,346 21,546 ta
21,683 21,868 te
21,936 22,197 ti
22,226 22,464 to
22,552 22,836 tu
23,974 24,262 ka
24,352 24,496 ke
24,569 24,696 ki
24,792 24,948 ko
25,036 25,268 ku
44100