0,472 0,711 pa
0,845 0,987 pe
1,122 1,261 pi
1,397 1,574 po
1,744 2,229 pu
3,347 3,605 ba
3,694 3,946 be
4,347 4,613 bi
4,648 4,829 bo
5,044 5,485 bu
6,044 6,476 za
6,578 6,733 ze
6,817 7,049 zi
7,178 7,421 zo
7,622 8,023 zu
8,756 9,026 va
9,076 9,313 ve
9,347 9,577 vi
9,632 9,853 vo
10,174 10,427 vu
11,414 11,704 ja
11,896 12,082 je
12,210 12,449 ji
12,536 12,748 jo
12,864 13,326 ju
13,924 14,132 da
14,251 14,415 de
14,488 14,641 di
14,742 14,922 do
15,094 15,548 du
16,112 16,380 ga
16,482 16,796 ge
16,989 17,279 gi
17,536 17,890 go
18,556 19,158 gu
20,032 20,492 fa
20,528 20,785 fe
20,802 21,053 fi
21,052 21,349 fo
21,393 22,137 fu
22,912 23,215 sa
23,237 23,518 se
23,520 23,868 si
23,876 24,213 so
24,242 24,919 su
25,669 25,942 xa
25,957 26,251 xe
26,256 26,501 xi
26,502 26,825 xo
26,834 27,400 xu
27,944 28,152 ta
28,265 28,400 te
28,482 28,653 ti
28,765 28,921 to
29,118 29,438 tu
30,288 30,476 ka
30,574 30,744 ke
30,864 31,021 ki
31,141 31,348 ko
21,479 31,762 ku
44100