3,969 4,125 pa
4,207 4,382 pe
4,429 4,559 pi
4,632 4,807 po
4,909 5,139 pu
6,098 6,347 ba
6,383 6,550 be
6,531 6,815 bi
6,811 7,026 bo
7,069 7,385 bu
8,036 8,340 za
8,324 8,543 ze
8,539 8,800 zi
8,831 9,088 zo
9,069 9,346 zu
10,125 10,367 va
10,348 10,527 ve
10,523 10,753 vi
10,757 10,972 vo
10,964 11,244 vu
11,915 12,200 ja
12,200 12,399 je
12,391 12,609 ji
12,578 12,820 jo
12,773 13,046 ju
13,948 14,122 da
14,136 14,284 de
14,315 14,494 di
14,502 14,638 do
14,728 14,931 du
15,954 16,276 ga
16,333 16,650 ge
16,722 16,976 gi
17,036 17,325 go
17,323 17,660 gu
18,717 18,859 fa
18,955 19,128 fe
19,241 19,366 fi
19,491 19,666 fo
19,715 19,974 fu
20,959 21,329 sa
21,360 21,655 se
21,649 21,883 si
21,896 22,144 so
22,140 22,380 su
23,023 23,319 xa
23,321 23,592 xe
23,594 23,939 xi
24,341 24,602 xo
24,602 24,965 xu
25,758 25,996 ta
26,520 26,692 te
26,737 26,737 ti
27,035 27,181 to
27,333 27,604 tu
28,177 28,349 ka
28,433 28,581 ke
28,675 28,805 ki
28,895 29,102 ko
30,887 31,137 ku
44100