0,226 0,476 pa
0,476 0,627 pe
0,621 0,627 pi
0,627 0,865 po
0,633 0,865 pu
0,865 1,242 ba
1,039 1,242 be
1,242 1,324 bi
1,318 1,324 bo
1,324 1,376 bu
1,370 1,376 za
1,376 1,654 ze
1,434 1,654 zi
1,654 2,072 zo
1,834 2,072 zu
2,072 2,084 va
2,078 2,084 ve
2,084 2,914 vi
2,606 2,914 vo
2,914 3,332 vu
3,053 3,332 ja
3,332 3,721 je
3,431 3,721 ji
3,721 3,733 jo
3,727 3,733 ju
3,733 3,843 da
3,837 3,843 de
3,843 4,122 di
3,884 4,122 do
4,122 4,528 du
4,261 4,528 ga
4,528 4,801 ge
4,795 4,801 gi
4,801 4,888 go
4,882 4,888 gu
4,888 4,899 fa
4,894 4,899 fe
4,899 5,120 fi
5,050 5,120 fo
5,120 5,468 fu
5,126 5,468 sa
5,468 5,521 se
5,474 5,521 si
5,521 5,886 so
5,526 5,886 su
5,886 6,182 xa
5,962 6,182 xe
6,182 6,206 xi
6,200 6,206 xo
6,206 6,600 xu
6,304 6,600 ta
6,600 6,931 te
6,682 6,931 ti
6,931 7,750 to
7,372 7,750 tu
7,750 7,773 ka
7,755 7,773 ke
7,773 7,790 ki
7,779 7,790 ko
7,790 8,144 ku
44100