1,703 1,877 pa
1,955 2,092 pe
2,107 2,403 pi
2,426 2,541 po
2,740 3,052 pu
3,139 3,333 ba
3,406 3,580 be
3,670 3,862 bi
3,937 4,012 bo
4,251 4,513 bu
4,645 4,849 za
4,907 5,134 ze
5,161 5,415 zi
5,433 5,547 zo
5,737 6,006 zu
6,106 6,298 vo
6,385 6,555 ve
6,637 6,861 vi
6,856 7,001 vo
7,088 7,333 vu
7,649 7,928 ja
8,038 8,210 je
8,228 8,514 ji
8,532 8,669 jo
8,806 9,140 ju
9,267 9,484 da
9,574 9,761 de
9,821 9,983 di
10,058 10,172 do
10,349 10,561 du
11,239 11,454 ga
11,544 11,653 ge
11,728 12,025 gi
12,065 12,147 go
12,349 12,593 gu
12,945 13,219 fa
13,212 13,458 fe
13,461 13,680 fi
13,683 13,900 fo
13,970 14,351 fu
14,693 15,024 sa
15,029 15,384 se
15,378 15,667 si
15,670 15,954 so
16,089 16,405 su
16,832 17,031 xa
17,146 17,333 xe
17,433 17,692 xi
17,709 17,896 xo
18,263 18,619 xu
18,919 19,223 ta
19,342 19,500 te
19,584 19,776 ti
19,849 19,966 to
20,108 20,372 tu
20,564 20,774 ka
20,841 21,020 ke
21,068 21,255 ki
21,302 21,432 ko
21,459 21,709 ku
44100