0,356 0,778 pa
0,917 1,178 pe
1,338 1,564 pi
1,680 1,891 po
2,029 2,248 pu
2,335 2,651 ba
2,771 2,964 be
3,070 3,306 bi
3,350 3,615 bo
3,622 3,902 bu
4,775 5,248 za
5,346 5,666 ze
5,674 6,037 zi
6,048 6,383 zo
6,408 6,732 zu
7,459 7,747 va
7,827 8,092 ve
8,190 8,449 vi
8,510 8,845 vo
8,889 9,172 vu
10,085 10,489 ja
10,793 10,878 je
10,882 11,296 ji
11,293 11,780 jo
11,911 12,318 ju
15,366 15,719 ga
15,832 16,137 ge
16,228 16,570 gi
16,654 16,948 go
17,086 17,305 gu
18,254 18,705 fa
18,705 19,018 fe
19,112 19,323 fi
19,450 19,636 fo
19,658 20,181 fu
20,785 21,185 sa
21,203 21,571 se
21,578 22,011 si
22,000 22,436 so
22,436 22,818 su
25,215 25,797 xa
25,815 26,215 xe
26,219 26,586 xi
26,586 26,906 xo
26,921 27,153 xu
28,215 28,510 ta
28,532 28,855 te
28,881 29,125 ti
29,125 29,430 to
29,434 29,805 tu
30,092 30,361 ka
30,470 30,703 ke
30,765 31,165 ki
31,230 31,383 ko
31,590 31,801 ku
44100