1,759 2,037 pa
2,240 2,521 pe
2,723 2,970 pi
3,201 3,424 po
3,606 3,840 pu
4,127 4,409 ba
4,538 4,895 be
5,001 5,388 bi
5,426 5,699 bo
5,828 6,089 bu
6,473 6,801 za
6,924 7,296 ze
7,361 7,757 zi
7,827 8,120 zo
8,120 8,525 zu
8,727 9,125 va
9,275 9,580 ve
9,765 10,064 vi
10,178 10,468 vo
10,618 10,805 vu
11,136 11,523 ja
11,603 12,083 je
12,154 12,517 ji
12,582 12,886 jo
13,021 13,209 ju
13,716 14,115 da
14,226 14,569 de
14,786 15,085 di
15,267 15,633 do
15,812 16,026 du
16,269 16,583 ga
16,697 17,096 ge
17,128 17,588 gi
17,961 18,210 go
18,216 18,565 gu
19,069 19,368 fa
19,494 19,831 fe
19,860 20,326 fi
20,356 20,775 fo
20,828 21,203 fu
44100