3,445 3,729 pa
3,884 4,133 pe
4,342 4,605 pi
4,809 5,055 po
5,433 5,699 pu
6,352 6,607 ba
6,667 6,836 be
6,888 7,174 bi
7,151 7,355 bo
7,418 7,719 bu
8,558 8,804 za
8,821 9,056 ze
9,065 9,271 zi
9,257 9,511 zo
9,509 9,912 zu
10,448 10,663 va
10,660 10,866 ve
10,860 11,081 vi
11,052 11,290 vo
11,290 11,654 vu
12,816 13,177 ja
13,206 13,573 je
13,584 14,014 ji
13,991 14,360 jo
14,357 14,793 ju
17,791 18,081 da
18,092 18,307 de
18,298 18,559 di
18,565 18,802 do
18,837 19,169 du
21,228 21,423 ga
21,626 21,858 ge
21,913 22,428 gi
22,491 22,881 go
23,015 23,327 gu
44100