2,192 2,330 pa
2,420 2,568 pe
2,630 2,781 pi
2,867 3,025 po
3,130 3,361 pu
4,052 4,255 ba
4,264 4,461 be
4,472 4,687 bi
4,683 4,863 bo
4,940 5,155 bu
5,828 6,088 za
6,103 6,339 ze
6,346 6,509 zi
6,504 6,723 zo
6,737 6,950 zu
7,620 7,807 va
7,839 8,007 ve
8,018 8,253 vi
8,234 8,456 vo
8,556 8,808 vu
9,357 9,595 ja
9,608 9,857 je
9,854 10,090 ji
10,092 10,352 jo
10,349 10,567 ju
11,379 11,547 da
11,593 11,769 de
11,835 11,982 di
12,003 12,204 do
12,235 12,493 du
13,028 13,285 ga
13,313 13,511 ge
13,538 13,743 gi
13,761 14,027 go
14,043 14,296 gu
14,855 15,055 fa
15,067 15,266 fe
15,271 15,486 fi
15,488 15,708 fo
15,719 16,018 fu
16,477 16,768 sa
16,786 16,997 se
16,997 17,171 si
17,167 17,385 so
17,401 17,688 su
18,194 18,450 xa
18,451 18,644 xe
18,660 18,836 xi
18,842 19,060 xo
19,074 19,382 xu
19,900 20,056 ta
20,059 20,269 te
20,280 20,468 ti
20,463 20,668 to
20,682 21,061 tu
21,454 21,570 ka
21,646 21,762 ke
21,785 21,994 ki
21,993 22,135 ko
22,210 22,386 ku
44100