2,360 2,517 pa
2,629 2,803 pe
2,917 3,071 pi
3,140 3,307 po
3,432 3,719 pu
4,350 4,537 ba
4,615 4,771 ba
4,837 4,938 bi
5,010 5,192 bo
5,236 5,575 bu
6,124 6,421 za
6,524 6,699 ze
6,710 6,906 zi
6,904 7,126 zo
7,221 7,461 zu
8,017 8,343 va
8,381 8,625 ve
8,633 8,871 vi
8,832 9,030 vo
9,070 9,415 vu
10,048 10,330 ja
10,353 10,568 je
10,574 10,823 ji
10,821 11,035 jo
11,065 11,423 ju
11,979 12,247 da
12,313 12,504 de
12,512 12,728 di
12,728 12,950 do
12,988 13,269 du
14,751 15,008 ga
15,067 15,284 ge
15,294 15,550 gi
15,562 15,770 go
15,770 16,135 gu
16,902 17,055 fa
17,069 17,289 fe
17,302 17,491 fi
17,486 17,695 fo
17,695 18,100 fu
18,723 19,003 sa
19,005 19,228 se
19,233 19,517 si
19,524 19,792 so
19,813 20,061 su
20,594 20,848 xa
20,856 21,053 xe
21,047 21,246 xi
21,240 21,452 xo
21,567 21,850 xu
22,465 22,652 ta
22,736 22,890 te
22,936 23,084 ti
23,147 23,320 to
23,384 23,667 tu
24,140 24,314 ka
24,420 24,566 ke
24,577 24,831 ki
25,272 25,484 ko
26,048 26,198 ku
44100