0,475 0,868 pa
1,023 1,489 pe
1,578 1,859 pi
1,985 2,300 po
2,405 2,786 pu
3,472 3,878 ba
3,943 4,269 be
4,323 4,792 bi
4,838 5,187 bo
5,228 5,560 bu
6,046 6,480 za
6,518 7,0001 ze
6,903 7,201 zi
7,251 7,779 zo
7,814 8,298 zu
8,749 9,165 va
9,195 9,585 ve
9,627 10,052 vi
10,069 10,487 vo
10,514 10,926 vu
11,627 12,014 ja
12,133 12,490 je
12,564 12,911 ji
12,948 13,350 jo
13,371 13,785 ju
14,341 14,764 da
14,818 15,203 de
15,251 15,616 di
15,675 16,051 do
16,076 16,413 du
17,018 17,389 ga
17,477 17,849 ge
17,874 18,232 gi
18,278 18,709 go
18,790 19,070 gu
19,704 20,038 fa
20,051 20,429 fe
20,566 20,843 fi
20,973 21,212 fo
21,336 21,773 fu
22,223 22,525 sa
22,597 23,000 se
23,091 23,473 si
23,513 23,729 so
23,801 24,132 su 
24,603 24,981 xa
24,989 25,401 xe
25,414 25,775 xi
25,783 26,139 xo
26,180 26,498 xu
27,122 27,370 ta
27,422 27,752 te
27,806 28,084 ti
28,199 28,546 to
28,615 29,008 tu
44100