0,074 0,263 pa
0,565 0,737 pe
1,066 1,248 pi
1,521 1,721 po
1,982 2,269 pu
2,865 3,096 ba
3,272 3,509 be
3,694 3,956 bi
4,099 4,289 bo
4,493 4,828 bu
5,357 5,697 za
5,924 6,177 ze
6,235 6,616 zi
6,806 7,234 zo
7,551 8,087 zu
8,639 8,910 va
9,099 9,300 ve
9,586 9,836 vi
10,027 10,278 vo
10,502 10,863 vu
11,068 11,428 ja
11,526 11,926 je
9,586 9,836 ji
10,027 10,278 jo
10,502 10,863 ju
13,812 14,054 da
14,265 14,475 de
14,663 14,890 di
15,138 15,357 do
15,596 15,938 du
16,450 16,707 ga
17,103 17,272 ge
19,350 19,718 gi
20,003 20,211 go
20,412 20,736 gu
21,817 22,091 fa
22,549 22,713 fe
23,004 23,180 fi
23,354 23,499 fo
23,713 23,992 fu
24,077 24,471 sa
24,768 25,061 se
25,061 25,440 si
25,443 25,752 so
25,770 26,190 su
26,195 26,688 xa
27,192 27,617 xe
27,623 28,034 xi
28,034 28,436 xo
28,440 28,735 xu
29,739 30,047 ta
30,219 30,463 te
30,678 30,944 ti
31,275 31,447 to
31,677 32,049 tu
34,023 34,298 ka
34,543 34,715 ke
34,995 35,162 ki
35,469 35,616 ko
35,904 36,124 ku
44100