2,731 2,877 pa
2,952 3,087 pe
3,062 3,334 pi
3,323 3,466 po
3,648 3,838 pu
3,965 4,335 ba
4,346 4,593 be
4,601 4,845 bi
4,809 5,030 bo 
5,030 5,350 bu
5,416 5,724 za
5,723 5,957 ze
5,962 6,191 zi
6,243 6,571 zo
6,630 6,861 zu
7,568 7,760 va
7,750 8,006 ve
8,018 8,198 vi
8,193 8,440 vo
8,447 8,747 vu 
9,414 6,38 ja
9,621 9,742 je
9,835 9,979 ji
9,993 10,182 jo
10,548 10,950 ju
13,315 13,617 da
13,623 13,829 de
13,840 14,056 di
14,032 14,246 do
14,269 14,563 du
15,718 16,153 ga
16,267 16,707 ge
16,840 17,171 gi
17,209 17,486 go
17,566 17,859 gu
44100